641037848527945728
641050234219569156
641057671714635777
641059195966619648
641060757283561472
641088566336950272
641091338268733440
641096821763215361
641108765165510656
641109156884258817
641111612007555073
641195184517193728
641224931573932032
641255554455896064
641260283336388609
641297615313862657
641332868631953410
641333406991843328
641362993414979588
641374171382042624
641386980207497216
641392359196852228
641436658546532353
641446875825065984
641453343899041792
641505169167941632
641512209244295168
641545605819445250
641564332774563840
641577000411471872
641609467927351298
641610283534929920
641617385099816962
641625800442310657
641630423764725762
641646134008651776
641662694710358016
641663381766668288
641663922357964800
641664659922096128
641702078512021504
641730221951946752
641732159867330560
641801042242330624
641804159734390784
641817460530806784
641818150913314816
641831083382849536
641837712236900352
641861100481454081
641872706942603264
641880185894076416
641884150207680512
641892757708124160
641892928311427072
641898421511671808
641925560122408960
641934339773628418
641985673357074432
641990265478098946
641991599023628288
641996066766741504
642026643058352128
642031386258485248
642058182932754432
642064262148542464
642073635457384448
642074954687770624
642097145584205824
642103911973654528
642159691523616773
642186677025415168
642223378485501953
642224801541672960
642224993129005056
642238190678478848
642267376742989824
642295478369935360
642317374536949760
642331705718755328
642333056666370048
642362373613977600
642377222301421568
642384054835396608
642406654596784128
642417585032699904
642422971458457600
642440486184161281
642465210377310208
642475181533822977
642486791371665408
642490612961308672
642497106037633024
642506018962939904
642538440337195009
642540920030797824
642542718472835072
642571508985032704
642599027968749568
642606940841885696
642625140493275136
642625526822236160
642641359690575872
642703833345454080
642707864394465280
642733246418038784
642746637866012672
642762622987735040
642768515506696193
642779977327362048
642782899008237568
642801980415414272
642818999571513344
642857444893290496
642858252951252992
642868269561573376
642871743909089280
642889006435405824
642975605210746880
643008130062905344
643040487151128576
643042269029867520
643101898032025602
643106986079424512
643125359131529216
643127744306524164
643194864906174464
643253075302486017
643262118662406144
643281697157443584
643299103053639680
643371909070069761
643387084888104960
643393019043942401
643408498710212608
643409579699638272
643509491133227008
643514121544204288
643562007388667904
643577433191546881
643586172460138497
643604402444627969
643636189350744064
643642410308907008
643645598374170624
643651405366956032
643668877294075904
643696300358287360
643721053651529729
643733631928766464
643749201772474368
643758897317171200
643759931171082240
643778323626110976
643781959844368385
643783010723172352
643805613424685057
643810689136599040
643831678712967168
643836688968613888
643851756238188544
643862368318029824
643862922691747841
643866416647680000
643890702661718016
643896343979646976
643900602192367617
643932569130569728
643956265543147520
643956365505880064
643962321795219456
643969831641808897
643981130094481408
644008963105644544
644013436511195136
644014518079655936
644017707310931968
644029690538295296
644060471876812801
644096050630926337
644154228211105792
644166566079172608
644192144023003136
644200374769963008
644206422914297856
644227232752275456
644233782657204225
644259423897153536
644261239007412224
644262240913330177
644285571393789952
644295370269261824
644320892005167104
644326793910943745
644332757552762880
644366547998277632
644380126130470912
644386660885635072
644404777665740805
644481553108717568
644506659323252736
644516944016723968
644521898592870400
644529478627016704
644530158121058306
644548927144992768
644567026074316800
644568226656067584
644587948416081920
644593234728099840
644602036135325696
644608213308960768
644624485014990848
644625129159454720
644634791564943360
644637034150150144
644666500717125632
644682098113032192
644682226681126912
644699381015420928
644699405673754627
644716256331976704
644719723695833088
644720595570028544
644723677934653440
644740825038127105
644770497775992833
644812395349733376
644819669321428992
644835819132428288
644845812233564163
644853904228884480
644870510896132096
644914345030238209
644925369594744834
644938283768610816
644960520680919040
644995370339147776
645002005291909120
645027509784854528
645076046409240576
645076556201742336
645087889089400832
645091209069887488
645107909672742912
645129029419339776
645220355221622785
645222205127831552
645267693126463492
645274295673884672
645280846514028544
645284303157493760
645310597404491776
645319505216868352
645324247120916480
645372145212747776
645381204443852800
645388395968118784
645390006589091840
645393042262917120
645411115640295424
645414573625860096
645414895559643136
645420251652337665
645486509282295809
645567791689539584
645571218725339136
645579261366116352
645637352807903233
645647441405059072
645659572208689152
645674862481117185
645683368034566144
645684685578768384
645691344279629824
645709669835476992
645734910192447488
645753824599146496
645761971061551104
645763758850093056
645774841082195976
645798720873758720
645820255881695232
645829015715057664
645829052771733504
645860288508497920
645860842160812032
645909437757169664
645912333299097600
645918236345806848
645925004853444609
645953186344341505
645960727744778244
645975721878253568
645979205419700227
645980271972478977
645981818576076800
646008940816285697
646031288336519169
646034817704960001
646053569590767616
646054138925699072
646078093040484353
646996767335124993
647044807919931392
647065799883104256
647066582791888896
647069406636417024
647070874856763393
647091722191671296
647094475408302080
647112530704367620
647125350451945472
647127459205414913
647247540493135872
647265645323616256
647284336497049601
647295674690748416
647319747286007808
647332973893812224
647372110650834944
647385954202873856
647396883489533952
647410802459209728
647428840931856384
647440484319776768
647440734325489664
647447714955968513
647453053465989120
647465783635804160
647520191455305728
647524041289519104
647528540108390400
647554581736628225
647567153475026944
647570925676724224
647590856451559424
647595045865025536
647667392387108864
647682142126911489
647684107959422976
647721595247665153
647785415710130176
647799088998690816
647850460859072512
647881442341617664
647914574423949313
647948705954443264
647991633988972544
647994918846115842
647997825263865856
647998028591181824
648015325036875776
648017373673357312
648050950666588160
648052536440692736
648054701594963968
648062691886661632
648063720493416448
648113527253794816
648138804692414464
648141562778488832
648143591597019136
648153154945724416
648178025104707584
648200387372130304
648226501511376897
648227263981486080
648234647264952325
648241038788722688
648252255485882368
648255235903852545
648258724084084736
648274642977845248
648326193389830145
648342983369195520
648351545935794176
648359097637675008
648364292941721600
648422708502495232
648438413004271616
648482829165330432
648502924201607168
648506570486206464
648513787348287488
648554651877548032
648555599320510464
648555774583644160
648558066842140672
648562165503279109
648584467427274752
648592796081721344
648593188639391745
648609459376406528
648611240021917697
648636797962993664
648651458183872513
648669384458678273
648691713146515457
648693870646071296
648702392712753152
648719243031236608
648755769177935872
648755851549888512
648786196512927744
648801376689123328
648801537981050880
648806887228637184
648840732426563584
648858354039828480
649522193953648640
649528737042690048
649569067783835648
649588129389658112
649596308236410880
649614976349552640
649637028888363008
649637942219010048
649653596665966592
649664160154939392
649673972926271488
649674107869491200
649674129201696768
649681304275959808
649685803770191874
649710115570995201
649712531741786112
649753156906127360
649776726248132608
649867832453427200
649877796446191616
649918803938144257
649929536688099332
649955637871398912
649958836497809408
649975716931461120
649978232578699264
649983439203115012
649999689060712450
650021750277734400
650036362389942272
650039949006401536
650049927725363202
650058329901760512
650094910243143680
650101439797272578
650103319118024704
650165307462565888
650168547633565702
650215400773255168
650256453190574080
650305505156571136
650305523301117952
650315916832432128
650326290000572419
650336533191376897
650377327721906176
650384571226300417
650399026790178816
650409784999546880
650430672381865984
650449837935198208
650452230202503168
650474527588270080
650510158955610113
650525734402936832
650534417157496832
650579039120322561
650587563200237568
650644077810221056
650671654863925248
650759571099676672
650769193839788032
650797696186380288
650842339246780416
650857565442715649
650886937453195264
650927253312794624
650928121684717568
650954614821552128
650957656031653888
650962102090207232
650970399224786944
650978881369993216
650982757464588288
650993762185797633
650994009733758977
650996993007976448
650997207290671104
650998001301782528
651014813037010949
651041599854542848
652073182690721792
652082816675540992
652116085865586688
652116191557885952
652119966997606400
652131911259676673
652144599092228099
652150453388468224
652208189031751680
652209942519087104
652211124012732416
652231334253961216
652234514538717184
652238372472266752
652251954748354560
652262065755832320
652267792603877377
652271862970494976
652277545841393665
652306162398814208
652341908845559809
652349208515641344
652356131440955392
652360381319348224
652366149372370944
652388431906099200
652398106093441024
652418285422534656
652434094911913984
652434867599204353
652454376167112704
652477770325454848
652480555221577728
652488918751969281
652489483233837056
652500203728150528
652502816016101376
652504816959254528
652508469216477184
652512436998815745
652513956804739072
652522325926014976
652528107300126721
652547319938854914
652548498542432256
652559407645982721
652563394893975553
652585417565466624
652604772717957120
652622440154042372
652654135913877505
652678579034136576
652679068396208128
652689240921255936
652697531646918656
652723108869083136
652737590945165312
652740355368988672
652741664524632064
652793653837058048
652861295109218304
652863094062907397
652867353777176576
652868669559541760
652880852385267713
652882535333109760
652886571235065856
652931536426278912
652948487093534720
652950181567168512
652950227280896001
652977313680723968
653002938563096576
653063059834060800
653073664410300416
653099739869745152
653136496602546177
653188537194446852
653212139121803264
653246016355856384
653273377201893376
653274668833603584
653285212240089088
653295515283513344
653314165696806912
653356469853782021
653363093125341184
653363141015900163
653365505248612352
653372932748611584
653378020338761728
653390021056053248
653390627875483648
653445229631131648
653491715081437184
653509171162279936
653516659148386304
653543453113077760
653546775345766400
653566671194460161
653578912274878465
653599464746258432
653607786165571584
653612406539575300
653627631036821504
653647444669038592
653657786308526080
653708490716901376
653712789824008192
653755499696013312
653806712118493185
653832029776310272
653840449380052993
653872678164656128
653881180446662656
653903755511906304
653910479996350465
653922801661906944
653929655896965120
653947568137768960
653961936674136064
653977690375127041
653995949916708864
654018093715337216
654023917653266432
654048383007506433
654048807601197056
654083030777233408
654085545421737985
654086449751457792
654095169109762050
654115232743325696
654119791846887424
654138688616681472
654147112934895617
654151628161875972
654156339514445824
654160021370966020
654163768524546048
654189044461514752
654190432667045890
654195061341728768
654215034097246208
654215390717874176
654228339461365760
654263164352266240
654309211325730816
654321689480810496
654322215333158912
654337824611631104
654354915523997696
654375243805552640
654384957398351872
654387313355526144
654394924377473024
654413343248224256
654437888042659840
654444140143489025
654456908376616961
654487625743470593
654528891042832384
654539033503109121
654545311411650560
654579406749478912
654588011154407424
654615229620453376
654639688158871552
654645232961622016
654648488857219072
654687466629140480
654691538283315201
654700786270666757
654725208318722048
654742080653127680
654781325400928256
654789181567184896
654808812260474880
654828503121047552
654868711094939648
654874256614887424
654901141495554048
654949566895095808
654999286967500800
655001712051277824
655011291443142656
655057018839891968
655079551261876224
655082248153133057
655094814434852864
656432144504389632
656484145250619393
656489250280620032
656499572492083200
656572136211935232
656584646659080192
656599623214100480
656608142306836481
656609698620317696
656632220132597760
656636577347559425
656654834989293568
656659999855366144
656666252304392192
656781180285489153
656782701719105536
656792415055970304
656797812965908480
656804647097778176
656825455572623360
656827047646507008
656844185102852096
656844189234262017
656868332851888128
656882897471844352
656883543868465152
656908436421021696
656916504009646081
656922747608678400
656923025221230592
656963803070926848
657010166437670916
657046485197041664
657047434007302144
657095936728956928
657126586425188352
657131915942744064
657136017351151616
657139690609487872
657142207472934912
657173786958106624
657202452693954561
657210413705240576
657242592162091008
657248103716802561
657267120657534976
658481548862160896
658482919275524096
658494257611853824
658542075022090240
658569067373174785
658584169979727872
658599405226995712
658619579300773889
658635706630348800
658645276995928064
658646698915315712
658678464019570688
658692873240616960
658693875507138560
658699627731009536
658711024808427520
658740360441692160
658742418246778880
658752268154482688
658766893533147140
658790015300857856
658807633969815552
658827018654625792
658828823966961664
658833673014398978
658888851130224640
658901105401663488
658935285091319808
658953180387147776
658954298873675776
658960011536691200
658963791854632960
658966135124197376
658984560789733377
659010760526442497
659016997544570880
659056206665924608
659063547687796737
659064080183902208
659088191857651712
659093185738776577
659097260630773760
659102036605034496
659137034125254656
659158679858597888
659169176414588928
659174016599506944
659176419856109568
659182616827031552
659225485373763584
659240289224269824
659275163091906560
659301325595914240
659307242701856768
659313895216164864
659345699352485888
659397506141409280
659409658571071488
659411214594887680
659425772331884544
659461070138937344
659466662295531521
659481103829499905
659486811685826560
659497753211502593
659500281747607552
659502352861392896
659508481930563585
659509597544292352
659521416568643585
659527349306679296
659532173997805568
659532647459332096
659539237134598149
659546757181800448
659551954713124864
659575185218105344
659629592135598080
659638046976040960
659654226256113664
659654489142484993
659655927688130560
659656974095790080
659713243863261185
659720983281053697
660003210912858112
660009149913264128
660076017592066048
660084664850391040
660094506289766400
660109682707718144
660109993274941440
660120499721248769
660120621804744704
660130730777772032
660184630016917504
660215551172739072
660219886405156865
660263180296429568
660266376871944192
660288517281415168
660302890637004800
660456062898733056
660459720386326529
660477788990771201
660482798189486080
660493531903950848
660589973049995264
660613851126235136
660633439708704768
660639350246531072
660685209046790144
660730130009059328
660762671181119488
660779716618522628
660806761729941504
660838057529245696
660892211790389248
660909176575553536
660913331885182976
660923053946327040
660933650494521344
660945128064856064
661000667616706560
661018832077737984
661020168194248704
661057596393066496
661161846544728064
661173167097053189
661206803108106240
661232056907767809
661241271973990400
661272506448220160
661278146646417408
661279245595975680
661340351152549888
661381917191745536
661394492486881280
661422653543051264
661425441744531456
661430942049808384
661433237969829889
661436476748492800
661450153681752065
661471847217651712
661486411829403652
661533259596042242
661558277168340992
661566515486072833
661589419355480065
661596361209593856
661597429234589697
661606366369423361
661607945835294720
661652502253805568
661747407512838144
661747443986522113
661755946423726080
661853811800174593
661892478660947968
661942195646173184
661942296133378048
661948404742922242
661948418059730944
661968993100693504
661972466173149184
661998866900762624
662022392349356032
662023558793715712
662025468879773700
662025671279902720
662026889041543168
662044322305581056
662045927557873665
662049806039281664
662057480885694465
662057725707309060
662095220453089280
662100576067436544
662110721254236160
662126407515029504
662171462648905728
662182161768804352
662222776460288001
662282807230799873
662287454838370305
662300055118995456
662304304955428864
662317159075459072
662338114564833280
662359486892408833
662363009554059264
662372920841396224
662380179231260672
662383872823300096
662408208154165248
662474880949030913
662499047148806144
662505475691425792
662509064233046016
662551399239057408
662552347155894272
662557439913398272
662570206649262080
662577341919432704
662599943455158272
662650693916991489
662687401253408768
662700969243877378
662707415557664768
662789777461088256
662791401118167041
662832625166348288
662842972824825856
662919993118621696
662994582276194304
663040274696953858
663040611662954496
663040976391401476
663065595017957376
663093294562414592
663141777604395008
663146015998930946
663146705974521857
663153854838542336
663180151522390018
663217254356623360
663232502421671936
663257774588100609
663265145641115648
663361870695440386
663398872958529540
663413815522951168
663415296045260800
663416442491015168
663419344064499712
663424531273486336
663455182525739008
663495073972162560
663496074582228992
663521574713184260
663546698971668484
663567818483437568
663574516845572096
663578675917561856
663603279809667072
663603459992649728
663700724866539520
663734215150800896
663789993828163584
663798048712192001
663800093422714880
663823196689272832
663856348048834560
663867939188273152
663873413375725568
663876436873252864
663878815224102912
663880504983347200
663916706490748928
663945579068678144
663951646041354240
663961706775732224
663992155585818624
664017481694998528
664038152601018368
664069537847865344
664090510944944128
664117320705441792
664120182923771904
664156156571418624
664165957741338624
664176728466546688
